0 1
1 1         0
2 2     1
3 2         0
4 4     2
5 4         0
6 6     2
7 6         0
8 10    4
9 10        0
10 13   3
11 13       0
12 18   5
13 18       0
14 22   4
15 22       0
16 30   8
17 30       0
18 36   6
19 36       0
20 45   9
21 45       0
22 52   7
23 52       0
24 64   12
25 64       0
26 72   8
27 72       0
28 84   12
29 84       0
30 93   9
31 93       0
32 110  7
33 110      0
34 122  12
35 122
36 140  18
37 140
38 154  14
39 154
40 177  23
41 177
42 192  15
43 192
44 214
45 214
46 230
47 230
48 258
49 258
50 277
51 277
52 304
53 304
54 324
55 324
56 356
57 356
58 376
59 376
60 405
61 405
62 426
63 426
64 464



1 2 2 4 3 5 4 8 6 9 7 12 8 12 9 7
(0, 0) 0

(1, 1) 1

(2, 2) 2
(2, 10) 3

(3, 3) 4
(3, 11) 5

(4, 4) 6
(4, 12) 7
(4, 20) 8
(4, 100) 9

(5, 5) 10
(5, 13) 11
(5, 21) 12
(5, 101) 13

(6, 6) 14
(6, 14) 15
(6, 22) 16
(6, 30) 17
(6, 102) 18
(6, 110) 19




(0, 0)

(1, 1)

(2, 2)
    (2, 10)

(3, 3)
    (3, 11)

(4, 4)
    (4, 12)
    (4, 20)
        (4, 100)

(5, 5)
    (5, 13)
    (5, 21)
        (5, 101)

(6, 6)
    (6, 14)
    (6, 22)
    (6, 30)
        (6, 102)
        (6, 110)

(7, 7)
    (7, 15)
    (7, 23)
    (7, 31)
        (7, 103)
        (7, 111)

(8, 8)
    (8, 16)
    (8, 24)
    (8, 32)
    (8, 40)
        (8, 104)
        (8, 112)
        (8, 120)
        (8, 200)
            (8, 1000)

(9, 9)
    (9, 17)
    (9, 25)
    (9, 33)
    (9, 41)
        (9, 105)
        (9, 113)
        (9, 121)
        (9, 201)
            (9, 1001)
(10, [10])
    (10, 18)
    (10, 26)
    (10, 34)
    (10, 42)
    (10, 50)
        (10, 106)
        (10, 114)
        (10, 122)
        (10, 130)
        (10, 202)
        (10, 210)
            (10, 1002)
            (10, 1010)

(11, [11])
    (11, 19)
    (11, 27)
    (11, 35)
    (11, 43)
    (11, 51)
        (11, 107)
        (11, 115)
        (11, 123)
        (11, 131)
        (11, 203)
        (11, 211)
            (11, 1003)
            (11, 1011)
(12, [12])
(12, [1, 10])
    (12, 28)
    (12, 36)
    (12, 44)
    (12, 52)
    (12, 60)
        (12, 108)
        (12, 116)
        (12, 124)
        (12, 132)
        (12, 140)
        (12, 204)
        (12, 212)
        (12, 220)
        (12, 300)
            (12, 1004)
            (12, 1012)
            (12, 1020)
            (12, 1100)

(13, [13])
(13, [1, 11)]
    (13, 29)
    (13, 37)
    (13, 45)
    (13, 53)
    (13, 61)
        (13, 109)
        (13, 117)
        (13, 125)
        (13, 133)
        (13, 141)
        (13, 205)
        (13, 213)
        (13, 221)
        (13, 301)
            (13, 1005)
            (13, 1013)
            (13, 1021)
            (13, 1101)

(14, [14])
(14, [1, 12])
(14, [1, 10])
    (14, 38)
    (14, 46)
    (14, 54)
    (14, 62)
    (14, 70)
        (14, [1, 0, 10])
        (14, 118)
        (14, 126)
        (14, 134)
        (14, 142)
        (14, 150)
        (14, 206)
        (14, 214)
        (14, 222)
        (14, 230)
        (14, 302)
        (14, 310)
            (14, 1006)
            (14, 1014)
            (14, 1022)
            (14, 1030)
            (14, 1102)
            (14, 1110)
(15, [15])
(15, [1, 13])
(15, [1, 11])
    (15, 39)
    (15, 47)
    (15, 55)
    (15, 63)
    (15, 71)
        (15, [1, 0, 11])
        (15, 119)
        (15, 127)
        (15, 135)
        (15, 143)
        (15, 151)
        (15, 207)
        (15, 215)
        (15, 223)
        (15, 231)
        (15, 303)
        (15, 311)
            (15, 1007)
            (15, 1015)
            (15, 1023)
            (15, 1031)
            (15, 1103)
            (15, 1111)

(16, [16])
(16, [1, 14])
(16, [2, 12])
(16, [3, 10])
    (16, 48)
    (16, 56)
    (16, 64)
    (16, 72)
    (16, 80)
        (16, [1, 0, 12])
        (16, [1, 1, 10])
        (16, 128)
        (16, 136)
        (16, 144)
        (16, 152)
        (16, 160)
        (16, 208)
        (16, 216)
        (16, 224)
        (16, 232)
        (16, 240)
        (16, 304)
        (16, 312)
        (16, 320)
        (16, 400)
            (16, 1008)
            (16, 1016)
            (16, 1024)
            (16, 1032)
            (16, 1040)
            (16, 1104)
            (16, 1112)
            (16, 1120)
            (16, 1200)
            (16, 2000)
            (16, 10000)

(17, [17])
(17, [1, 15])
(17, [2, 13])
(17, [3, 11])
    (17, 49)
    (17, 57)
    (17, 65)
    (17, 73)
    (17, 81)
        (17, [1, 0, 13])
        (17, [1, 1, 11])
        (17, 129)
        (17, 137)
        (17, 145)
        (17, 153)
        (17, 161)
        (17, 209)
        (17, 217)
        (17, 225)
        (17, 233)
        (17, 241)
        (17, 305)
        (17, 313)
        (17, 321)
        (17, 401)
            (17, 1009)
            (17, 1017)
            (17, 1025)
            (17, 1033)
            (17, 1041)
            (17, 1105)
            (17, 1113)
            (17, 1121)
            (17, 1201)
            (17, 2001)
                (17, 10001)

(18, [18])
(18, [1, 16])
(18, [2, 14])
(18, [3, 12])
(18, [4, 10])
    (18, 58)
    (18, 66)
    (18, 74)
    (18, 82)
    (18, 90)
        (18, [1, 0, 14])
        (18, [1, 1, 12])
        (18, [1, 2, 10])
        (18, 138)
        (18, 146)
        (18, 154)
        (18, 162)
        (18, 170)
        (18, [2, 0, 10])
        (18, 218)
        (18, 226)
        (18, 234)
        (18, 242)
        (18, 250)
        (18, 306)
        (18, 314)
        (18, 322)
        (18, 330)
        (18, 402)
        (18, 410)
            (18, [1, 0, 0, 10])
            (18, 1018)
            (18, 1026)
            (18, 1034)
            (18, 1042)
            (18, 1050)
            (18, 1106)
            (18, 1114)
            (18, 1122)
            (18, 1130)
            (18, 1202)
            (18, 1210)
            (18, 2002)
            (18, 2010)
                (18, 10002)
                (18, 10010)

    (19, 59)
    (19, 67)
    (19, 75)
    (19, 83)
    (19, 91)
        (19, 139)
        (19, 147)
        (19, 155)
        (19, 163)
        (19, 171)
        (19, 219)
        (19, 227)
        (19, 235)
        (19, 243)
        (19, 251)
        (19, 307)
        (19, 315)
        (19, 323)
        (19, 331)
        (19, 403)
        (19, 411)
            (19, 1019)
            (19, 1027)
            (19, 1035)
            (19, 1043)
            (19, 1051)
            (19, 1107)
            (19, 1115)
            (19, 1123)
            (19, 1131)
            (19, 1203)
            (19, 1211)
            (19, 2003)
            (19, 2011)
                (19, 10003)
                (19, 10011)
(20, [20])
(20, [1, 18])
(20, [2, 16])
(20, [3, 14])
(20, [4, 12])
(20, [5, 10])
    (20, 68)
    (20, 76)
    (20, 84)
    (20, 92)
    (20, [10, 0])
        (20, [1, 0, 16])
        (20, [1, 1, 14])
        (20, [1, 2, 12])
        (20, [1, 3, 10])
        (20, 148)
        (20, 156)
        (20, 164)
        (20, 172)
        (20, 180)
        (20, [2, 0, 12])
        (20, [2, 1, 10])
        (20, 228)
        (20, 236)
        (20, 244)
        (20, 252)
        (20, 260)
        (20, 308)
        (20, 316)
        (20, 324)
        (20, 332)
        (20, 340)
        (20, 404)
        (20, 412)
        (20, 420)
        (20, 500)
            (20, [1, 0, 0, 12])
            (20, [1, 0, 1, 10])
            (20, 1028)
            (20, 1036)
            (20, 1044)
            (20, 1052)
            (20, 1060)
            (20, 1108)
            (20, 1116)
            (20, 1124)
            (20, 1132)
            (20, 1140)
            (20, 1204)
            (20, 1212)
            (20, 1220)
            (20, 1300)
            (20, 2004)
            (20, 2012)
            (20, 2020)
            (20, 2100)
                (20, 10004)
                (20, 10012)
                (20, 10020)
                (20, 10100)

    (21, 69)
    (21, 77)
    (21, 85)
    (21, 93)
        (21, 149)
        (21, 157)
        (21, 165)
        (21, 173)
        (21, 181)
        (21, 229)
        (21, 237)
        (21, 245)
        (21, 253)
        (21, 261)
        (21, 309)
        (21, 317)
        (21, 325)
        (21, 333)
        (21, 341)
        (21, 405)
        (21, 413)
        (21, 421)
        (21, 501)
            (21, 1029)
            (21, 1037)
            (21, 1045)
            (21, 1053)
            (21, 1061)
            (21, 1109)
            (21, 1117)
            (21, 1125)
            (21, 1133)
            (21, 1141)
            (21, 1205)
            (21, 1213)
            (21, 1221)
            (21, 1301)
            (21, 2005)
            (21, 2013)
            (21, 2021)
            (21, 2101)
                (21, 10005)
                (21, 10013)
                (21, 10021)
                (21, 10101)
(22, [22])
(22, [1, 20])
(22, [2, 18])
(22, [3, 16])
(22, [4, 14])
(22, [5, 12])
(22, [6, 10])
    (22, 78)
    (22, 86)
    (22, 94)
    (22, [10, 2])
    (22, [12, 0])
        (22, [1, 0, 18])
        (22, [1, 1, 16])
        (22, [1, 2, 14])
        (22, [1, 3, 12])
        (22, [1, 4, 10])
        (22, 158)
        (22, 166)
        (22, 174)
        (22, 182)
        (22, 190)
        (22, [2, 0, 14])
        (22, [2, 1, 12])
        (22, [2, 2, 10])
        (22, 238)
        (22, 246)
        (22, 254)
        (22, 262)
        (22, 270)
        (22, [3, 0, 10])
        (22, 318)
        (22, 326)
        (22, 334)
        (22, 342)
        (22, 350)
        (22, 406)
        (22, 414)
        (22, 422)
        (22, 430)
        (22, 502)
        (22, 510)
            (22, [1, 0, 0, 14])
            (22, [1, 0, 1, 12])
            (22, [1, 0, 2, 10])
            (22, 1038)
            (22, 1046)
            (22, 1054)
            (22, 1062)
            (22, 1070)
            (22, [1, 1, 0, 10])
            (22, 1118)
            (22, 1126)
            (22, 1134)
            (22, 1142)
            (22, 1150)
            (22, 1206)
            (22, 1214)
            (22, 1222)
            (22, 1230)
            (22, 1302)
            (22, 1310)
            (22, 2006)
            (22, 2014)
            (22, 2022)
            (22, 2030)
            (22, 2102)
            (22, 2110)
                (22, 10006)
                (22, 10014)
                (22, 10022)
                (22, 10030)
                (22, 10102)
                (22, 10110)

    (23, 79)
    (23, 87)
    (23, 95)
        (23, 159)
        (23, 167)
        (23, 175)
        (23, 183)
        (23, 191)
        (23, 239)
        (23, 247)
        (23, 255)
        (23, 263)
        (23, 271)
        (23, 319)
        (23, 327)
        (23, 335)
        (23, 343)
        (23, 351)
        (23, 407)
        (23, 415)
        (23, 423)
        (23, 431)
        (23, 503)
        (23, 511)
            (23, 1039)
            (23, 1047)
            (23, 1055)
            (23, 1063)
            (23, 1071)
            (23, 1119)
            (23, 1127)
            (23, 1135)
            (23, 1143)
            (23, 1151)
            (23, 1207)
            (23, 1215)
            (23, 1223)
            (23, 1231)
            (23, 1303)
            (23, 1311)
            (23, 2007)
            (23, 2015)
            (23, 2023)
            (23, 2031)
            (23, 2103)
            (23, 2111)
                (23, 10007)
                (23, 10015)
                (23, 10023)
                (23, 10031)
                (23, 10103)
                (23, 10111)
(24, [24])
(24, [1, 22])
(24, [2, 20])
(24, [3, 18])
(24, [4, 16])
(24, [5, 14])
(24, [6, 12])
(24, [7, 10])
    (24, 88)
    (24, 96)
    (24, [10, 4])
    (24, [12, 2])
    (24, [14, 0])
        (24, [1, 0, 20])
        (24, [1, 1, 18])
        (24, [1, 2, 16])
        (24, [1, 3, 14])
        (24, [1, 4, 12])
        (24, [1, 5, 10])
        (24, 168)
        (24, 176)
        (24, 184)
        (24, 192)
        (24, [1, 10, 0])
        (24, [2, 0, 16])
        (24, [2, 1, 14])
        (24, [2, 2, 12])
        (24, [2, 3, 10])
        (24, 248)
        (24, 256)
        (24, 264)
        (24, 272)
        (24, 280)
        (24, [3, 0, 12])
        (24, [3, 1, 10])
        (24, 328)
        (24, 336)
        (24, 344)
        (24, 352)
        (24, 360)
        (24, 408)
        (24, 416)
        (24, 424)
        (24, 432)
        (24, 440)
        (24, 504)
        (24, 512)
        (24, 520)
        (24, 600)
            (24, [1, 0, 1, 16])
            (24, [1, 0, 1, 14])
            (24, [1, 0, 2, 12])
            (24, [1, 0, 3, 10])
            (24, 1048)
            (24, 1056)
            (24, 1064)
            (24, 1072)
            (24, 1080)
            (24, [1, 1, 0, 12])
            (24, [1, 1, 1, 10])
            (24, 1128)
            (24, 1136)
            (24, 1144)
            (24, 1152)
            (24, 1160)
            (24, 1208)
            (24, 1216)
            (24, 1224)
            (24, 1232)
            (24, 1240)
            (24, 1304)
            (24, 1312)
            (24, 1320)
            (24, 1400)
            (24, 2008)
            (24, 2016)
            (24, 2024)
            (24, 2032)
            (24, 2040)
            (24, 2104)
            (24, 2112)
            (24, 2120)
            (24, 2200)
            (24, 3000)
                (24, 10008)
                (24, 10016)
                (24, 10024)
                (24, 10032)
                (24, 10040)
                (24, 10104)
                (24, 10112)
                (24, 10120)
                (24, 10200)
                (24, 11000)

    (25, 89)
    (25, 97)
        (25, 169)
        (25, 177)
        (25, 185)
        (25, 193)
        (25, 249)
        (25, 257)
        (25, 265)
        (25, 273)
        (25, 281)
        (25, 329)
        (25, 337)
        (25, 345)
        (25, 353)
        (25, 361)
        (25, 409)
        (25, 417)
        (25, 425)
        (25, 433)
        (25, 441)
        (25, 505)
        (25, 513)
        (25, 521)
        (25, 601)
            (25, 1049)
            (25, 1057)
            (25, 1065)
            (25, 1073)
            (25, 1081)
            (25, 1129)
            (25, 1137)
            (25, 1145)
            (25, 1153)
            (25, 1161)
            (25, 1209)
            (25, 1217)
            (25, 1225)
            (25, 1233)
            (25, 1241)
            (25, 1305)
            (25, 1313)
            (25, 1321)
            (25, 1401)
            (25, 2009)
            (25, 2017)
            (25, 2025)
            (25, 2033)
            (25, 2041)
            (25, 2105)
            (25, 2113)
            (25, 2121)
            (25, 2201)
            (25, 3001)
                (25, 10009)
                (25, 10017)
                (25, 10025)
                (25, 10033)
                (25, 10041)
                (25, 10105)
                (25, 10113)
                (25, 10121)
                (25, 10201)
                (25, 11001)

    (26, 98)
        (26, 178)
        (26, 186)
        (26, 194)
        (26, 258)
        (26, 266)
        (26, 274)
        (26, 282)
        (26, 290)
        (26, 338)
        (26, 346)
        (26, 354)
        (26, 362)
        (26, 370)
        (26, 418)
        (26, 426)
        (26, 434)
        (26, 442)
        (26, 450)
        (26, 506)
        (26, 514)
        (26, 522)
        (26, 530)
        (26, 602)
        (26, 610)
            (26, 1058)
            (26, 1066)
            (26, 1074)
            (26, 1082)
            (26, 1090)
            (26, 1138)
            (26, 1146)
            (26, 1154)
            (26, 1162)
            (26, 1170)
            (26, 1218)
            (26, 1226)
            (26, 1234)
            (26, 1242)
            (26, 1250)
            (26, 1306)
            (26, 1314)
            (26, 1322)
            (26, 1330)
            (26, 1402)
            (26, 1410)
            (26, 2018)
            (26, 2026)
            (26, 2034)
            (26, 2042)
            (26, 2050)
            (26, 2106)
            (26, 2114)
            (26, 2122)
            (26, 2130)
            (26, 2202)
            (26, 2210)
            (26, 3002)
            (26, 3010)
                (26, 10018)
                (26, 10026)
                (26, 10034)
                (26, 10042)
                (26, 10050)
                (26, 10106)
                (26, 10114)
                (26, 10122)
                (26, 10130)
                (26, 10202)
                (26, 10210)
                (26, 11002)
                (26, 11010)

    (27, 99)
        (27, 179)
        (27, 187)
        (27, 195)
        (27, 259)
        (27, 267)
        (27, 275)
        (27, 283)
        (27, 291)
        (27, 339)
        (27, 347)
        (27, 355)
        (27, 363)
        (27, 371)
        (27, 419)
        (27, 427)
        (27, 435)
        (27, 443)
        (27, 451)
        (27, 507)
        (27, 515)
        (27, 523)
        (27, 531)
        (27, 603)
        (27, 611)
            (27, 1059)
            (27, 1067)
            (27, 1075)
            (27, 1083)
            (27, 1091)
            (27, 1139)
            (27, 1147)
            (27, 1155)
            (27, 1163)
            (27, 1171)
            (27, 1219)
            (27, 1227)
            (27, 1235)
            (27, 1243)
            (27, 1251)
            (27, 1307)
            (27, 1315)
            (27, 1323)
            (27, 1331)
            (27, 1403)
            (27, 1411)
            (27, 2019)
            (27, 2027)
            (27, 2035)
            (27, 2043)
            (27, 2051)
            (27, 2107)
            (27, 2115)
            (27, 2123)
            (27, 2131)
            (27, 2203)
            (27, 2211)
            (27, 3003)
            (27, 3011)
                (27, 10019)
                (27, 10027)
                (27, 10035)
                (27, 10043)
                (27, 10051)
                (27, 10107)
                (27, 10115)
                (27, 10123)
                (27, 10131)
                (27, 10203)
                (27, 10211)
                (27, 11003)
                (27, 11011)

        (28, 188)
        (28, 196)
        (28, 268)
        (28, 276)
        (28, 284)
        (28, 292)
        (28, 348)
        (28, 356)
        (28, 364)
        (28, 372)
        (28, 380)
        (28, 428)
        (28, 436)
        (28, 444)
        (28, 452)
        (28, 460)
        (28, 508)
        (28, 516)
        (28, 524)
        (28, 532)
        (28, 540)
        (28, 604)
        (28, 612)
        (28, 620)
        (28, 700)
            (28, 1068)
            (28, 1076)
            (28, 1084)
            (28, 1092)
            (28, 1148)
            (28, 1156)
            (28, 1164)
            (28, 1172)
            (28, 1180)
            (28, 1228)
            (28, 1236)
            (28, 1244)
            (28, 1252)
            (28, 1260)
            (28, 1308)
            (28, 1316)
            (28, 1324)
            (28, 1332)
            (28, 1340)
            (28, 1404)
            (28, 1412)
            (28, 1420)
            (28, 1500)
            (28, 2028)
            (28, 2036)
            (28, 2044)
            (28, 2052)
            (28, 2060)
            (28, 2108)
            (28, 2116)
            (28, 2124)
            (28, 2132)
            (28, 2140)
            (28, 2204)
            (28, 2212)
            (28, 2220)
            (28, 2300)
            (28, 3004)
            (28, 3012)
            (28, 3020)
            (28, 3100)
                (28, 10028)
                (28, 10036)
                (28, 10044)
                (28, 10052)
                (28, 10060)
                (28, 10108)
                (28, 10116)
                (28, 10124)
                (28, 10132)
                (28, 10140)
                (28, 10204)
                (28, 10212)
                (28, 10220)
                (28, 10300)
                (28, 11004)
                (28, 11012)
                (28, 11020)
                (28, 11100)

        (29, 189)
        (29, 197)
        (29, 269)
        (29, 277)
        (29, 285)
        (29, 293)
        (29, 349)
        (29, 357)
        (29, 365)
        (29, 373)
        (29, 381)
        (29, 429)
        (29, 437)
        (29, 445)
        (29, 453)
        (29, 461)
        (29, 509)
        (29, 517)
        (29, 525)
        (29, 533)
        (29, 541)
        (29, 605)
        (29, 613)
        (29, 621)
        (29, 701)
            (29, 1069)
            (29, 1077)
            (29, 1085)
            (29, 1093)
            (29, 1149)
            (29, 1157)
            (29, 1165)
            (29, 1173)
            (29, 1181)
            (29, 1229)
            (29, 1237)
            (29, 1245)
            (29, 1253)
            (29, 1261)
            (29, 1309)
            (29, 1317)
            (29, 1325)
            (29, 1333)
            (29, 1341)
            (29, 1405)
            (29, 1413)
            (29, 1421)
            (29, 1501)
            (29, 2029)
            (29, 2037)
            (29, 2045)
            (29, 2053)
            (29, 2061)
            (29, 2109)
            (29, 2117)
            (29, 2125)
            (29, 2133)
            (29, 2141)
            (29, 2205)
            (29, 2213)
            (29, 2221)
            (29, 2301)
            (29, 3005)
            (29, 3013)
            (29, 3021)
            (29, 3101)
                (29, 10029)
                (29, 10037)
                (29, 10045)
                (29, 10053)
                (29, 10061)
                (29, 10109)
                (29, 10117)
                (29, 10125)
                (29, 10133)
                (29, 10141)
                (29, 10205)
                (29, 10213)
                (29, 10221)
                (29, 10301)
                (29, 11005)
                (29, 11013)
                (29, 11021)
                (29, 11101)

        (30, 198)
        (30, 278)
        (30, 286)
        (30, 294)
        (30, 358)
        (30, 366)
        (30, 374)
        (30, 382)
        (30, 390)
        (30, 438)
        (30, 446)
        (30, 454)
        (30, 462)
        (30, 470)
        (30, 518)
        (30, 526)
        (30, 534)
        (30, 542)
        (30, 550)
        (30, 606)
        (30, 614)
        (30, 622)
        (30, 630)
        (30, 702)
        (30, 710)
            (30, 1078)
            (30, 1086)
            (30, 1094)
            (30, 1158)
            (30, 1166)
            (30, 1174)
            (30, 1182)
            (30, 1190)
            (30, 1238)
            (30, 1246)
            (30, 1254)
            (30, 1262)
            (30, 1270)
            (30, 1318)
            (30, 1326)
            (30, 1334)
            (30, 1342)
            (30, 1350)
            (30, 1406)
            (30, 1414)
            (30, 1422)
            (30, 1430)
            (30, 1502)
            (30, 1510)
            (30, 2038)
            (30, 2046)
            (30, 2054)
            (30, 2062)
            (30, 2070)
            (30, 2118)
            (30, 2126)
            (30, 2134)
            (30, 2142)
            (30, 2150)
            (30, 2206)
            (30, 2214)
            (30, 2222)
            (30, 2230)
            (30, 2302)
            (30, 2310)
            (30, 3006)
            (30, 3014)
            (30, 3022)
            (30, 3030)
            (30, 3102)
            (30, 3110)
                (30, 10038)
                (30, 10046)
                (30, 10054)
                (30, 10062)
                (30, 10070)
                (30, 10118)
                (30, 10126)
                (30, 10134)
                (30, 10142)
                (30, 10150)
                (30, 10206)
                (30, 10214)
                (30, 10222)
                (30, 10230)
                (30, 10302)
                (30, 10310)
                (30, 11006)
                (30, 11014)
                (30, 11022)
                (30, 11030)
                (30, 11102)
                (30, 11110)

        (31, 199)
        (31, 279)
        (31, 287)
        (31, 295)
        (31, 359)
        (31, 367)
        (31, 375)
        (31, 383)
        (31, 391)
        (31, 439)
        (31, 447)
        (31, 455)
        (31, 463)
        (31, 471)
        (31, 519)
        (31, 527)
        (31, 535)
        (31, 543)
        (31, 551)
        (31, 607)
        (31, 615)
        (31, 623)
        (31, 631)
        (31, 703)
        (31, 711)
            (31, 1079)
            (31, 1087)
            (31, 1095)
            (31, 1159)
            (31, 1167)
            (31, 1175)
            (31, 1183)
            (31, 1191)
            (31, 1239)
            (31, 1247)
            (31, 1255)
            (31, 1263)
            (31, 1271)
            (31, 1319)
            (31, 1327)
            (31, 1335)
            (31, 1343)
            (31, 1351)
            (31, 1407)
            (31, 1415)
            (31, 1423)
            (31, 1431)
            (31, 1503)
            (31, 1511)
            (31, 2039)
            (31, 2047)
            (31, 2055)
            (31, 2063)
            (31, 2071)
            (31, 2119)
            (31, 2127)
            (31, 2135)
            (31, 2143)
            (31, 2151)
            (31, 2207)
            (31, 2215)
            (31, 2223)
            (31, 2231)
            (31, 2303)
            (31, 2311)
            (31, 3007)
            (31, 3015)
            (31, 3023)
            (31, 3031)
            (31, 3103)
            (31, 3111)
                (31, 10039)
                (31, 10047)
                (31, 10055)
                (31, 10063)
                (31, 10071)
                (31, 10119)
                (31, 10127)
                (31, 10135)
                (31, 10143)
                (31, 10151)
                (31, 10207)
                (31, 10215)
                (31, 10223)
                (31, 10231)
                (31, 10303)
                (31, 10311)
                (31, 11007)
                (31, 11015)
                (31, 11023)
                (31, 11031)
                (31, 11103)
                (31, 11111)

        (32, 288)
        (32, 296)
        (32, 368)
        (32, 376)
        (32, 384)
        (32, 392)
        (32, 448)
        (32, 456)
        (32, 464)
        (32, 472)
        (32, 480)
        (32, 528)
        (32, 536)
        (32, 544)
        (32, 552)
        (32, 560)
        (32, 608)
        (32, 616)
        (32, 624)
        (32, 632)
        (32, 640)
        (32, 704)
        (32, 712)
        (32, 720)
        (32, 800)
            (32, 1088)
            (32, 1096)
            (32, 1168)
            (32, 1176)
            (32, 1184)
            (32, 1192)
            (32, 1248)
            (32, 1256)
            (32, 1264)
            (32, 1272)
            (32, 1280)
            (32, 1328)
            (32, 1336)
            (32, 1344)
            (32, 1352)
            (32, 1360)
            (32, 1408)
            (32, 1416)
            (32, 1424)
            (32, 1432)
            (32, 1440)
            (32, 1504)
            (32, 1512)
            (32, 1520)
            (32, 1600)
            (32, 2048)
            (32, 2056)
            (32, 2064)
            (32, 2072)
            (32, 2080)
            (32, 2128)
            (32, 2136)
            (32, 2144)
            (32, 2152)
            (32, 2160)
            (32, 2208)
            (32, 2216)
            (32, 2224)
            (32, 2232)
            (32, 2240)
            (32, 2304)
            (32, 2312)
            (32, 2320)
            (32, 2400)
            (32, 3008)
            (32, 3016)
            (32, 3024)
            (32, 3032)
            (32, 3040)
            (32, 3104)
            (32, 3112)
            (32, 3120)
            (32, 3200)
            (32, 4000)
                (32, 10048)
                (32, 10056)
                (32, 10064)
                (32, 10072)
                (32, 10080)
                (32, 10128)
                (32, 10136)
                (32, 10144)
                (32, 10152)
                (32, 10160)
                (32, 10208)
                (32, 10216)
                (32, 10224)
                (32, 10232)
                (32, 10240)
                (32, 10304)
                (32, 10312)
                (32, 10320)
                (32, 10400)
                (32, 11008)
                (32, 11016)
                (32, 11024)
                (32, 11032)
                (32, 11040)
                (32, 11104)
                (32, 11112)
                (32, 11120)
                (32, 11200)
                (32, 12000)
                (32, 20000)
                (32, 100000)