1 2 2 4 3 5 4 8 6 9 7 12 8 12 9 7


 0: 1
 1: 1
 2: 1 1
 3: 1 1
 4: 1 2 1
 5: 1 2 1
 6: 1 3 2
 7: 1 3 2
 8: 1 4 4  1
 9: 1 4 4  1
10: 0 5 6  2
11: 0 5 6  2
12: 0 5 9  4
13: 0 5 9  4
14: 0 5 11 6
15: 0 5 11 6
16: 0 5 14 10 1
17: 0 5 14 10 1
18: 0 5 16 13 2
19: 0 5 16 13 2
20: 0 4 19 18 4
21: 0 4 19 18 4
22: 0 3 21 22 6
23: 0 3 21 22 6
24: 0 2 23 29 10
25: 0 2 23 29 10
26: 0 1 24 34 13
27: 0 1 24 34 13
28: 0 0 25 41 18
29: 0 0 25 41 18
30: 0 0 25 46 22
31: 0 0 25 46 22
32: 0 0 25 54 30 1

1 2 2 4 3 5 4 8 6 9 7 12 8 12 9 7


 0: 1
 2: 1 1
 4: 1 2 1
 6: 1 3 2
 8: 1 4 4  1
10: 0 5 6  2
12: 0 5 9  4
14: 0 5 11 6
16: 0 5 14 10 1
18: 0 5 16 13 2
20: 0 4 19 18 4
22: 0 3 21 22 6
24: 0 2 23 29 10
26: 0 1 24 34 13
28: 0 0 25 41 18
30: 0 0 25 46 22
32: 0 0 25 54 30 1


0 1
1 1         0
2 2     1
3 2         0
4 4     2
5 4         0
6 6     2
7 6         0
8 10    4
9 10        0
10 13   3
11 13       0
12 18   5
13 18       0
14 22   4
15 22       0
16 30   8
17 30       0
18 36   6
19 36       0
20 45   9
21 45       0

 1 : [1]
 2 : [1, 1]
 3 : [1, 1]
 4 : [1, 2, 1]
 5 : [1, 2, 1]
 6 : [1, 3, 2]
 7 : [1, 3, 2]
 8 : [1, 4, 4, 1]
 9 : [1, 4, 4, 1]
10 : [0, 5, 6, 2]
11 : [0, 5, 6, 2]
12 : [0, 5, 9, 4]
13 : [0, 5, 9, 4]
14 : [0, 5, 11, 6]
15 : [0, 5, 11, 6]
16 : [0, 5, 14, 10, 1]
17 : [0, 5, 14, 10, 1]
18 : [0, 5, 16, 13, 2]
19 : [0, 5, 16, 13, 2]
20 : [0, 4, 19, 18, 4]
21 : [0, 4, 19, 18, 4]
22 : [0, 3, 21, 22, 6]
23 : [0, 3, 21, 22, 6]
24 : [0, 2, 23, 29, 10]
25 : [0, 2, 23, 29, 10]
26 : [0, 1, 24, 34, 13]
27 : [0, 1, 24, 34, 13]
28 : [0, 0, 25, 41, 18]
29 : [0, 0, 25, 41, 18]
30 : [0, 0, 25, 46, 22]
31 : [0, 0, 25, 46, 22]
32 : [0, 0, 25, 54, 30, 1]
33 : [0, 0, 25, 54, 30, 1]
34 : [0, 0, 25, 59, 36, 2]
35 : [0, 0, 25, 59, 36, 2]
36 : [0, 0, 25, 66, 45, 4]
37 : [0, 0, 25, 66, 45, 4]
38 : [0, 0, 25, 71, 52, 6]
39 : [0, 0, 25, 71, 52, 6]
40 : [0, 0, 24, 79, 64, 10]
41 : [0, 0, 24, 79, 64, 10]
42 : [0, 0, 23, 84, 72, 13]
43 : [0, 0, 23, 84, 72, 13]
44 : [0, 0, 21, 91, 84, 18]
45 : [0, 0, 21, 91, 84, 18]
46 : [0, 0, 19, 96, 93, 22]
47 : [0, 0, 19, 96, 93, 22]
48 : [0, 0, 16, 103, 109, 30]
49 : [0, 0, 16, 103, 109, 30]
50 : [0, 0, 14, 107, 120, 36]
51 : [0, 0, 14, 107, 120, 36]
52 : [0, 0, 11, 112, 136, 45]
53 : [0, 0, 11, 112, 136, 45]
54 : [0, 0, 9, 115, 148, 52]
55 : [0, 0, 9, 115, 148, 52]
56 : [0, 0, 6, 119, 167, 64]
57 : [0, 0, 6, 119, 167, 64]
58 : [0, 0, 4, 121, 179, 72]
59 : [0, 0, 4, 121, 179, 72]
60 : [0, 0, 2, 123, 196, 84]
61 : [0, 0, 2, 123, 196, 84]
62 : [0, 0, 1, 124, 208, 93]
63 : [0, 0, 1, 124, 208, 93]
64 : [0, 0, 0, 125, 228, 110, 1]

     [1, 2, 4, 8, 16, 32, etc of the first N items follow the same pattern]
 0 : [1]
 2 : [1, 1]
 4 : [1, 2, 1]
 6 : [1, 3, 2]
 8 : [1, 4, 4, 1]
10 : [0, 5, 6, 2]
12 : [0, 5, 9, 4]
14 : [0, 5, 11, 6]
16 : [0, 5, 14, 10, 1]
18 : [0, 5, 16, 13, 2]
20 : [0, 4, 19, 18, 4]
22 : [0, 3, 21, 22, 6]
24 : [0, 2, 23, 29, 10]
26 : [0, 1, 24, 34, 13]
28 : [0, 0, 25, 41, 18]
30 : [0, 0, 25, 46, 22]
32 : [0, 0, 25, 54, 30, 1]
34 : [0, 0, 25, 59, 36, 2]
36 : [0, 0, 25, 66, 45, 4]
38 : [0, 0, 25, 71, 52, 6]
40 : [0, 0, 24, 79, 64, 10]
42 : [0, 0, 23, 84, 72, 13]
44 : [0, 0, 21, 91, 84, 18]
46 : [0, 0, 19, 96, 93, 22]
48 : [0, 0, 16, 103, 109, 30]
50 : [0, 0, 14, 107, 120, 36]
52 : [0, 0, 11, 112, 136, 45]
54 : [0, 0, 9, 115, 148, 52]
56 : [0, 0, 6, 119, 167, 64]
58 : [0, 0, 4, 121, 179, 72]
60 : [0, 0, 2, 123, 196, 84]
62 : [0, 0, 1, 124, 208, 93]
64 : [0, 0, 0, 125, 228, 110, 1]

1,2,4,6,10,13,18,22,30,36,45,52,64,72,84,93,110,122,140,154,177,192,214,230

0,0,1,2
1,2,3,4
                  -  1, 2, 4, 6
       - 1, 2, 4, 6, 6, 4, 2, 1
1,2,4,6,10,13,18,22,25,25,25,25
1,2,4,6, 9,11,14,16,19,21,23,24
0,0,0,0, 1, 2, 4, 6,11,15,22,28
                  -  6, 4, 2, 1
                    25,25,25,25
                    19,21,23,24

                                                            +   1,  2,  4,  6
                                  -  1, 2, 4, 6,10,13, 18, 22, 30, 36, 45, 52
0,0,0,0,0,0,0,0,1,2,4,6,10,13,18,22,31,38,49,58,74,85,102,115,139,156,181,200

k = 1, max = 5^k = 5, 2^k = 2 same, 2 * (2^k - 1) - 2^(k - 1) = 1 subtract, and max - subtract (reverse)
  1,2,4,(5)
-     1,(1)
= 1,2,3,4

k = 2, max = 5^k = 25, 2^k = 4 same, 4 subtract, 4 max - subtract (reverse)
  1,2,4,6,10,13,18,22,(25,25,25,25)
-          1, 2, 4, 6,( 6, 4, 2, 1)
= 1,2,4,6, 9,11,14,16, 19,21,23,24

k = 3, max = 125, 2^k = 8 same, 10 subtract, 10 max - subtract
  0,0,0,0, 0, 0, 0, 0, 1, 2, 4, 6,10,13,18,22, 31, 38, 49, 58, 74, 85, 102,115,139,156,181,200
  1,2,4,6,10,13,18,22,30,36,45,52,64,72,84,93,110,122,(125,125,125,125,125,125,125,125,125,125)
                                               -1, -2,  +2, +1,
-                      1, 2, 4, 6,10,13,18,22, 30, 36,  36, 30, 22, 18, 13, 10,  6,  4,  4,  1
= 1,2,4,6,10,13,18,22,29,34,41,46,54,59,66,71, 79, 84,  91, 96,103,107,112,115,119,121,123,124


  1,2,4,6,10,13,18,22,30,36,45,52,64,72,84,93,110,122,140,154,177,192,214,230,258,277,304,324,356,376,405,426,464,490,528,557,604,634,678,710,765,802,854,892,952,989,1042,1080,1146,1190,1253,1300,1374,1420,1486,1533,1612,1664,1736,1788,
  1,2,4,6,10,13,18,22,30,36,45,52,64,72,84,93,110,122,140,154,177,192,214,230,258,277,304,324,356,376,405,426,464,490,528,557,604,634,625,625,625,625,625,625,625,625, 625, 625, 625, 625, 625, 625, 625, 625, 625, 625, 625, 625, 625,  625,
                                                                                                                1,  2,  4,  6, 10, 13, 13, 10,  6,  4,  2,  1
-                                               1,  2,  4,  6, 10, 13, 18, 22, 30, 36, 45, 52, 64, 72, 84, 93,110,122,140,154,177,192,192,177,154,140,122,110, 93, 84,  72,  64,  52,  45,  36,  30,  22,  18,  13,  10,   6,   4,   2,    1,
= 1,2,4,6,10,13,18,22,30,36,45,52,64,72,84,93,109,120,136,148,167,179,196,208,228,241,259,272,292,304,321,333,353,366,384,397,417,429,446,458,477,489,505,516,532,541, 553, 561, 573, 580, 589, 595, 603, 607, 612, 615, 619, 621, 623,  624

16 : 1
18 : 2
20 : 4
22 : 6
24 : 10
26 : 13
28 : 18
30 : 22
32 : 30
34 : 36
36 : 45
38 : 52
40 : 64
42 : 72
44 : 84
46 : 93
48 : 109
50 : 120
52 : 136
54 : 148
56 : 167
58 : 179
60 : 196
62 : 208
64 : 228
66 : 241
68 : 259
70 : 272
72 : 292
74 : 304
76 : 321
78 : 333
80 : 353
82 : 366
84 : 384
86 : 397
88 : 417
90 : 429
92 : 446
94 : 458
96 : 477
98 : 489
100 : 505
102 : 516
104 : 532
106 : 541
108 : 553
110 : 561
112 : 573
114 : 580
116 : 589
118 : 595
120 : 603
122 : 607
124 : 612
126 : 615
128 : 619
130 : 621
132 : 623
134 : 624
136 : 625
138 : 625
140 : 625
142 : 625
144 : 625
146 : 625
148 : 625
150 : 625
152 : 625
154 : 625
156 : 625
158 : 625
160 : 624
162 : 623
164 : 621
166 : 619
168 : 615
170 : 612
172 : 607
174 : 603
176 : 595
178 : 589
180 : 580
182 : 573
184 : 561
186 : 553
188 : 541
190 : 532
192 : 516
194 : 505
196 : 489
198 : 477
200 : 458

 0 : [1]
 2 : [1, 1]
 4 : [1, 2, 1]
 6 : [1, 3, 2]
 8 : [1, 4, 4, 1]
10 : [0, 5, 6, 2]
12 : [0, 5, 9, 4]
14 : [0, 5, 11, 6]
16 : [0, 5, 14, 10, 1]
18 : [0, 5, 16, 13, 2]
20 : [0, 4, 19, 18, 4]
22 : [0, 3, 21, 22, 6]
24 : [0, 2, 23, 29, 10]
26 : [0, 1, 24, 34, 13]
28 : [0, 0, 25, 41, 18]
30 : [0, 0, 25, 46, 22]
32 : [0, 0, 25, 54, 30, 1]
34 : [0, 0, 25, 59, 36, 2]
36 : [0, 0, 25, 66, 45, 4]
38 : [0, 0, 25, 71, 52, 6]
40 : [0, 0, 24, 79, 64, 10]
42 : [0, 0, 23, 84, 72, 13]
44 : [0, 0, 21, 91, 84, 18]
46 : [0, 0, 19, 96, 93, 22]
48 : [0, 0, 16, 103, 109, 30]
50 : [0, 0, 14, 107, 120, 36]
52 : [0, 0, 11, 112, 136, 45]
54 : [0, 0, 9, 115, 148, 52]
56 : [0, 0, 6, 119, 167, 64]
58 : [0, 0, 4, 121, 179, 72]
60 : [0, 0, 2, 123, 196, 84]
62 : [0, 0, 1, 124, 208, 93]
64 : [0, 0, 0, 125, 228, 110, 1]
66 : [0, 0, 0, 125, 241, 122, 2]
68 : [0, 0, 0, 125, 259, 140, 4]
70 : [0, 0, 0, 125, 272, 154, 6]
72 : [0, 0, 0, 125, 292, 177, 10]
74 : [0, 0, 0, 125, 304, 192, 13]
76 : [0, 0, 0, 125, 321, 214, 18]
78 : [0, 0, 0, 125, 333, 230, 22]
80 : [0, 0, 0, 124, 353, 258, 30]
82 : [0, 0, 0, 123, 366, 277, 36]
84 : [0, 0, 0, 121, 384, 304, 45]
86 : [0, 0, 0, 119, 397, 324, 52]
88 : [0, 0, 0, 115, 417, 356, 64]
90 : [0, 0, 0, 112, 429, 376, 72]
92 : [0, 0, 0, 107, 446, 405, 84]
94 : [0, 0, 0, 103, 458, 426, 93]
96 : [0, 0, 0, 96, 477, 463, 110]
98 : [0, 0, 0, 91, 489, 488, 122]
100 : [0, 0, 0, 84, 505, 524, 140]
102 : [0, 0, 0, 79, 516, 551, 154]
104 : [0, 0, 0, 71, 532, 594, 177]
106 : [0, 0, 0, 66, 541, 621, 192]
108 : [0, 0, 0, 59, 553, 660, 214]
110 : [0, 0, 0, 54, 561, 688, 230]
112 : [0, 0, 0, 46, 573, 735, 258]
114 : [0, 0, 0, 41, 580, 766, 277]
116 : [0, 0, 0, 34, 589, 809, 304]
118 : [0, 0, 0, 29, 595, 840, 324]
120 : [0, 0, 0, 22, 603, 888, 356]
122 : [0, 0, 0, 18, 607, 917, 376]
124 : [0, 0, 0, 13, 612, 958, 405]
126 : [0, 0, 0, 10, 615, 987, 426]
128 : [0, 0, 0, 6, 619, 1036, 464, 1]
130 : [0, 0, 0, 4, 621, 1068, 490, 2]
132 : [0, 0, 0, 2, 623, 1113, 528, 4]
134 : [0, 0, 0, 1, 624, 1146, 557, 6]
136 : [0, 0, 0, 0, 625, 1197, 604, 10]

 0 : [1]
 2 : [1, 1-1]
 4 : [1, 2-2, 1-1]
 6 : [1, 3-4, 2-2]
 8 : [1, 4-6, 4-4, 1]
10 : [0, 5, 6-6, 2]
12 : [0, 5, 9-10, 4]
14 : [0, 5, 11-13, 6]
16 : [0, 5, 14-18, 10, 1]
18 : [0, 5, 16-22, 13, 2]
20 : [0, 4, 19-30, 18, 4]
22 : [0, 3, 21-36, 22, 6]
24 : [0, 2, 23-45, 29-30, 10]
26 : [0, 1, 24-52, 34-36, 13]
28 : [0, 0, 25, 41-45, 18]
30 : [0, 0, 25, 46-52, 22]
32 : [0, 0, 25, 54-64, 30, 1]
34 : [0, 0, 25, 59-72, 36, 2]
36 : [0, 0, 25, 66-84, 45, 4]
38 : [0, 0, 25, 71-93, 52, 6]
40 : [0, 0, 24, 79-110, 64, 10]
42 : [0, 0, 23, 84-122, 72, 13]
44 : [0, 0, 21, 91-140, 84, 18]
46 : [0, 0, 19, 96-154, 93, 22]
48 : [0, 0, 16, 103-177, 109, 30]
50 : [0, 0, 14, 107-192, 120, 36]
52 : [0, 0, 11, 112-214, 136, 45]
54 : [0, 0, 9, 115-230, 148, 52]
56 : [0, 0, 6, 119-258, 167, 64]
58 : [0, 0, 4, 121-277, 179, 72]
60 : [0, 0, 2, 123-304, 196, 84]
62 : [0, 0, 1, 124-324, 208, 93]
64 : [0, 0, 0, 125, 228, 110, 1]

 5 : 1
 7 : 2      1
 9 : 4      2
11 : 6      2
13 : 9      3
15 : 11     2
17 : 14     3
19 : 16     2
21 : 19     3
23 : 21     2
25 : 23     2
26 : 24     1
12 difference, increase by 25

 8 : 1
10 : 2      1
12 : 4      2
14 : 6      2
16 : 10     4
18 : 13     3
20 : 18     5
22 : 22     4
24 : 29     7
26 : 34     5
28 : 41     7
30 : 46     5
32 : 54     8
34 : 59     5
36 : 66     7
38 : 71     5
40 : 79     8
42 : 84     5
44 : 91     7
46 : 96     5
48 : 103    7
50 : 107    4
52 : 112    5
54 : 115    3
56 : 119    4
58 : 121    2
60 : 123    2
62 : 124    1
